彭万里 135 1
高大山 1 2
谢大海 17 4
马宏宇 27 3
林莽 25 4
黄强辉 134 2
章汉夫 123 2
范长江 125 2
林君雄 57 4
谭平山 3457 3
朱希亮 12345 4
李四光 234567 2
甘铁生 123 1
张伍绍祖 35 1
马继祖 45 3
程孝先 46 2
宗敬先 47 4
年广嗣 13 3
汤绍箕 27 2
吕显祖 257 1
何光宗 237 2
孙念祖 357 1
马建国 135 2
节振国 246 1
冯兴国 137 3
郝爱民 124 2
于学忠 125 4
马连良 135 3
胡宝善 234 4
李宗仁 245 2 
洪学智 134 1
余克勤 123 3
吴克俭 235 2
杨惟义 137 1
李文信 2546 4
王德茂 16 1
李书诚 13 2
杨勇 27 2
高尚德 137 3
刁富贵 137 3
汤念祖 137 4
吕奉先 137 2
何光宗 137 1
冷德友 2546 2
安怡孙 2546 3
贾德善 2546 4
蔡德霖 2546 4
关仁 2546 3
郑义 234567 2
贾怡 234567 1
孙天民 2 3 4
赵大华 3 2 2
赵进喜 4 4 0
赵德荣 5 2 3
赵德茂 56 3 4
钱汉祥 67 1 8
钱运高 45 3 9
钱生禄 23 1 1
孙寿康 45 2 2
孙应吉 345 3 4
孙顺达 346 2 5
李秉贵 235 3 6
李厚福 17 4 7
李开富 27 1 8
王子久 37 3 9
刘永生 47 4 7
刘宝瑞 57 1 2
关玉和 67 1 2
王仁兴 47 2 3
李际泰 347 3 4
罗元发 123 2 5
刘造时 124 2 0
刘乃超 125 4 6
刘长胜 126 3 7
张成基 127 2 5
张国柱 137 4 7
张志远 135 1 9
张广才 125 2 5
吕德榜 135 4 1
吕文达 257 1 6
吴家栋 234 3 5
吴国梁 123 1 7 1
吴立功 1345 4 0
李大江 127 2 6
张石山 23 3 8
王海 45 4 8